2.4955292658916677
70.71556002401334
5.022896719535963
7.256220853339964
1.7635747224869045
1.8334444459755657
2.014313794736097
1.6319305313858077
2.092895124426365
2.5647127426831364
2.295034482302142
2.365098278643824
2.441900341888205
2.7811793703017016
2.2660376235249626
2.746673739186343
2.9817219664570556
2.9722889043378946
2.7662045098583956
2.828291381125569
2.8113532944461848
2.9389830913398534
2.8808001825868663
2.934146790140473
43.65506644630843
42.22386661183652
48.116838410082266
53.18125944224238
49.746834114456284
53.1080427002178
55.003391501258214
57.09222302753868
62.74285898784887
67.16750151639295
68.9492627601249
75.11606691372222
74.03522216705666
83.61401765532031
88.14953788952012
90.66101040802965
92.20131985997605
99.21997687820682
105.80538584831916
104.52151734180858
4.868840580489346
4.967798107825619
4.989399388427387
5.080825071966976
5.029113755635683
5.214052664622413
5.3260542028816085
5.48364162710287
5.365577071502313
5.444400254156695
5.555241820573953
5.5488254642535155
5.366160504770971
5.0882971955854925
5.105000529269893
5.255783642673087
5.474855278486873
5.401523753873517
5.583698809366153
0.30884466725488385
3.198544586669204
4.292620623343708
4.447767724429931
5.072901542989506
5.588890759485968
5.8346620427398435
6.308622679972908
6.756849612765806
7.060394162206167
7.490774710515429
7.877874697915189
8.262034778922706
8.440517853872233
8.468438026183865
8.884286489920907
9.065164544268844
9.214778375374651
9.365260615021906
9.663043775808132
9.830989464392378
2.9020359153644186
64.01089836365746
5.005925086936426
7.146789587045246
2.5670241280657247
2.2618883101962086
2.4535076679038865
2.107350139305628
2.2950402550572746
2.347386003599472
2.3597045961099443
2.437003685523116
2.6679569495461752
3.184027587875907
2.8475392408489224
3.0588860489358125
3.3953799811724896
3.1279986768768455
3.5085957038036306
3.4880481816105613
3.3136702680368937
3.3198421762644332
3.348292719095246
3.9515759874602017
27.32209828217648
30.81078795892373
27.940943932553974
30.725076339680946
37.20996946499669
40.57061153521042
48.493532576512294
47.630682041751434
53.337836049300705
60.81723071493032
60.669176968568514
70.83547474475671
73.432928225365
79.9656145114634
86.9266529593762
92.60051872908141
93.3548937414237
97.29390078830994
108.86627538243349
111.41376232633397
4.857324015377361
4.986920499424057
4.929719483374254
5.097531619017405
5.0278128320326605
5.208701126776803
5.29417931023241
5.424383762771126
5.318528890773546
5.424230891624902
5.506984782434241
5.55932072573339
5.360124906545007
5.117672783897052
4.967700482627442
5.363034869146412
5.551119743203414
5.431250434891779
5.383268650759815
0.30869192808544393
3.1184932927495255
4.032938627479597
4.309193805900232
4.674714353425599
5.1637415313039545
5.520857728848285
5.937355228127258
6.493016119606722
6.969258037077451
7.502231173258294
7.8806181239666975
8.14339500325613
8.390431884832491
8.705624189228526
8.844706540633853
9.05477038207572
9.142355790462828
9.530854741552936
9.642841366209483
9.878393820909336
5.124604480158427
86.92099939382793
4.996898482258272
7.643456139701191
4.348783281392641
4.2319925816326505
4.187112958307739
4.773374857162047
4.58401431027662
4.60147754839381
4.42849088316594
5.652066680704766
4.399923215318082
4.3452639825666575
5.008477481654644
5.574955406953832
6.01688131144925
5.606535733818817
5.439189288371509
5.755483802714518
5.658459674136839
6.115763831626263
5.609021819555755
6.154820953966177
48.39920255619361
47.886557061191134
52.106730340411524
55.62771756166809
53.32973437678915
61.18332909184134
69.24085775633269
70.72793343278285
80.02138723711246
84.65214612593816
82.76499621390332
97.09566817273861
102.82191034364257
101.29690214340057
111.67474878840686
115.12147967879876
118.21001400234894
128.86829678462453
129.69794168809713
127.69243452033595
4.873020506690574
4.968206493789698
4.932276309276189
5.0761798397185425
5.0403286731934855
5.207670638511398
5.3423139689023005
5.419821250988035
5.398015191184938
5.403341537096397
5.522490344903036
5.521562475625103
5.365994715346531
5.0656687811614995
4.964155144855503
5.249659533812832
5.473162992869094
5.410700494815208
5.392665362508525
0.31073538991655886
4.146844553351909
4.8354801854962615
4.936445734117939
5.478142918940564
5.851397534999893
6.431496886585009
6.619128337625331
6.904550198642738
7.510748218869333
8.114752115383762
8.105165007352372
8.632599237894178
9.114113881975825
9.066941402038196
9.175879320845192
9.371293075100699
9.459377948117748
9.498083498615772
9.76795909412637
9.848723643944698
16.928562921501886
204.6449119704137
5.005211727581938
13.080109396762415
18.5304808813705
17.46586970058358
16.88551221898471
17.12083314969394
17.309517743991183
16.53362417541345
16.655492678954293
16.51134450621174
16.749923877775483
17.328559278589033
16.03973134194598
16.059150705822976
16.607274492507706
17.617081389788833
16.597454429876628
16.83138489684926
16.494670477058886
17.144458938202668
16.934190420927628
17.154703125489217
129.26433771534
152.05121313838333
159.77760478532863
164.7780766934497
217.45285053353456
142.32464390076385
173.47884081750135
188.51676215415873
210.73625055248942
211.3886378651544
215.84282430201594
232.66712451380508
223.07478046232762
224.10810015796946
255.91807323034078
242.94082553255635
210.95412189110166
249.7249694656767
248.23429828140573
239.6639034149701
4.853828878979974
4.966265801287986
4.945935443905874
5.077132444584033
5.0559436496817085
5.213586768713572
5.466508779063751
5.415712054763478
5.3366059791523925
5.437761510451523
5.498808494440628
5.534423567302486
5.3921889208220435
5.07306685730541
4.965499800150785
5.284810468509978
5.482461501001527
5.406864982186379
5.387516313348123
0.30931233598710284
12.183769232204263
12.23949672750486
11.753656550485147
12.569674666737619
12.162214510179133
12.468853133648613
12.827458129279997
13.503316286107067
13.843207130288665
12.506535274357267
13.487766327841033
12.83087105715115
12.908945539234875
13.407173116281143
12.90217479056497
13.598987153220772
13.906551114595539
14.318112397772625
14.2296701231774
13.953754674616183
2.3888921047633653
57.786010095354264
4.998935850397067
7.5801950247797665
1.688057396605177
1.8893009397880587
1.8405358154544258
1.8294922468200905
2.076397905521358
2.060605201485261
2.1355152867972196
2.248389691240106
2.2952568768821693
2.368403519462586
2.4223566596371566
2.4213848273378007
2.5448157256252735
2.637240372882472
2.629930663541973
2.7522415695856868
2.893560160435763
2.90927448153862
3.0354536848303937
3.0996290697957263
27.7199130333624
26.385663338931394
29.276395278600013
30.59945813922837
35.06390833126954
33.86342680738166
39.70017077854429
42.72652940015456
50.801941530410154
58.39311273263031
60.517080000667555
61.97302487227614
66.87351335355453
70.93119485529441
78.59872865890455
78.98685026930191
83.54672729274401
88.04130567574973
93.96388388933688
97.75737366874306
4.869598318581387
5.000432669464768
4.931569233453453
5.106482575594061
5.043374875701306
5.231620356653002
5.291130571759935
5.427024311931346
5.349933726610739
5.408636216274935
5.535521426168944
5.518172135098174
5.360176769369956
5.073931465892886
4.973336811383312
5.261008201095726
5.4769843649119725
5.432990616327233
5.377278817163917
0.3095135445043051
3.433804571383155
4.330194259374308
4.5785200368334955
5.20470422456694
5.556603760733743
6.129830277045762
6.393814736693691
7.066158601225891
7.6337091813162
7.859317210758149
8.250814324195744
8.683615179847369
9.005987068854562
9.00976995040315
9.177379759383772
9.389431273754138
9.500946516303712
10.015884428441314
10.070148457202501
10.31326667727773
2.6750823418313248
57.67074645122002
5.003256259435752
7.027608038649143
2.072008485710331
2.2555322995931277
2.2750019690651277
2.511365671755978
2.4211570932134108
2.3866837771310045
2.5161979787914492
2.567116049470829
2.770594776906883
2.7521828299922286
2.5469997517826504
2.706988332879842
2.7727441221149647
2.7796846376011164
2.880218483610152
2.8781234588012468
2.9282231544272856
3.1251728271305024
3.1135591817465875
3.2420919549017655
35.26421092616195
36.841637257518364
38.63298959961653
41.50641335620429
41.83764289529669
44.120307052191265
43.917202277233464
44.15758949981458
47.20238496753603
51.06236998193869
54.737939636264514
56.10859980439411
63.09886116907933
67.72559034971268
70.54661291501033
75.13536392060655
79.50013745050413
83.80211045174413
86.1670969392225
92.04986857435019
4.86928672537379
4.994750803772205
4.941061450399577
5.081143059735355
5.0833771509547345
5.210925534745921
5.334574873093889
5.422735053436622
5.3158049558589475
5.408411794957388
5.511886789844158
5.524524080959367
5.354272650669818
5.07353830950481
4.970914846314148
5.260301419770803
5.505057888616431
5.47503070955479
5.4186755258796415
0.30885156527264174
2.793367370189289
3.5942349720801476
3.983150131135023
4.52542557307899
5.064793327378213
5.499991101706773
5.932289776312979
6.409957714357755
6.83372093916832
7.3150119544784005
7.7066239798762926
8.119984420155873
8.425346680549305
8.563386053813225
8.79075806059126
8.995282395216565
9.144227843412056
9.350932524662614
9.64940886561408
9.854267089205694
1.8683297345053276
59.50608856031297
5.028158980486948
7.184722549381713
1.0277108033805247
1.0526171899691892
1.0889443468253843
1.1865362158424266
1.3756229211245583
1.4038846634804394
1.4644996871038252
1.6353907866826618
1.7308444962367195
1.8461870678019456
1.9254931623286176
1.9950814112501016
2.1353766803672123
2.208928057695571
2.3058177299238825
2.4444303268953878
2.5319607482475672
2.5893726200550664
2.686981015497613
2.730914759397865
28.540624304902188
32.25072977375436
33.86606020406466
36.26366362900227
41.50819558207145
43.57667295016946
47.719963870921234
50.97166221989947
52.46575782731146
56.62771203618501
58.498794849865845
62.59979020885189
67.31699406494285
70.46752097645444
73.3097966117357
76.14056110788113
83.25609332137738
88.07232663279073
91.43106356039641
95.23778747368156
4.895038526843704
5.016794369999516
5.029931915723938
5.128596515593949
5.163219866969516
5.221699627504672
5.304436143958923
5.437111785213122
5.330296663607919
5.485051642339506
5.51428730691976
5.65488183192593
5.36421410138985
5.12996999590314
4.9989181115808865
5.2556699611654905
5.474372064512002
5.429591703799086
5.418983786865039
0.3101136879230003
2.9261406472744684
3.766710741191897
4.11040446173019
4.563015691260315
5.163067061930885
5.6037481065865515
6.0361937442815865
6.462231719426889
7.040721550998595
7.552498025964716
7.912234222513359
8.360344434657957
8.596749648036667
8.71180097800756
8.978328238570837
9.240621240408757
9.293482511742623
9.559775241613968
9.866845615678656
9.949537105757786
